OAO 2                   
1 03597U 68110A   19292.42896954  .00000027  00000-0  12832-4 0  9999
2 03597  34.9943 311.0162 0006099 239.2401 120.7689 14.45838511681601
NOAA 1 
1 04793U 70106A   19292.28931403 -.00000037  00000-0  45328-4 0  9997
2 04793 101.6919 359.1969 0031836  49.5192 355.5359 12.53991771236219
METEOR PRIRODA          
1 12585U 81065A   19292.05116074  .00000431  00000-0  22332-4 0  9992
2 12585  97.5257 275.2807 0012937 299.2684  60.7257 15.21452994 92067
COSMOS 1500             
1 14372U 83099A   19292.02830862  .00000718  00000-0  33126-4 0  9993
2 14372  82.5174 219.0700 0015227   2.1432 123.9038 15.18515490967337
AJISAI (EGS)            
1 16908U 86061A   19291.90135385 -.00000112  00000-0 -10504-3 0  9990
2 16908  50.0094  69.4967 0011572 107.0068  25.5327 12.44490611177532
INTERCOSMOS 24          
1 20261U 89080A   19292.11411379  .00000054  00000-0  15738-4 0  9993
2 20261  82.6112 177.1091 1201922 287.0528  60.2514 12.56110795373163
HST                     
1 20580U 90037B   19292.12359954  .00000392  00000-0  12924-4 0  9991
2 20580  28.4686 122.3292 0002706   6.1253 290.2758 15.09282777419403
OKEAN-3                 
1 21397U 91039A   19291.88081725  .00000209  00000-0  17719-4 0  9995
2 21397  82.5239  47.2487 0016359 260.3631  99.5741 14.92845496537136
TERRA                   
1 25994U 99068A   19292.38486323 -.00000617  00000-0 -12697-3 0  9995
2 25994  98.1998   5.0419 0001664  92.5052 267.6332 14.57111601 55066
RESURS-DK 1             
1 29228U 06021A   19291.88542874  .00000074  00000-0  12896-4 0  9991
2 29228  69.9345  85.4810 0002135 149.2205 210.9081 15.02473598736316